28 0.2652563 -1.4245354 0.5674367 0.00917045 -1.4462368 0.527174 0.25211248 -1.0148448 0.4867996 0.009532511 -1.029718 0.4648718 0.18503854 -0.6795962 0.6956309 0.017870158 -0.6886002 0.6779874 0.37188342 -0.24313466 0.5155811 -0.13817652 -0.2602531 0.44419804 0.3881499 -0.30137533 0.64420176 -0.1913259 -0.32126665 0.5552902 0.26417112 -0.20041355 0.7902955 -0.1130362 -0.21801093 0.7285357 0.06298484 0.038826734 0.7741936 
6 0.25377306 -1.4212832 0.619261 0.0020158365 -1.4311044 0.5678176 0.24619867 -1.0107071 0.53231585 0.003192082 -1.0154755 0.50001043 0.18505608 -0.66869015 0.7380434 0.015988633 -0.67454815 0.7206667 0.357472 -0.23018906 0.5681743 -0.15206172 -0.22626895 0.5117959 0.3852007 -0.2974801 0.6823446 -0.1992487 -0.29118955 0.61091566 0.27065468 -0.20280674 0.8280425 -0.10605772 -0.20837227 0.7764656 0.07253368 0.032827884 0.8104124 
33 0.2567682 -1.4306 0.5951022 0.0049111396 -1.4504882 0.5646866 0.24620223 -1.0218183 0.5022887 0.0025743172 -1.0347017 0.48936462 0.18484733 -0.6916243 0.7161627 0.014905602 -0.70049685 0.7025964 0.36387208 -0.2825089 0.5110316 -0.14080828 -0.2950715 0.4595635 0.3835878 -0.33076462 0.65154856 -0.19097558 -0.34360853 0.58330595 0.27134046 -0.20721416 0.80786425 -0.115642525 -0.22273009 0.75793755 0.059463605 0.04166761 0.8059453 
26 0.2656682 -1.4285655 0.57896805 0.009176426 -1.4505985 0.5402326 0.2530268 -1.0187011 0.49312976 0.007584676 -1.0332161 0.4735597 0.18811996 -0.6847694 0.70486975 0.017978013 -0.6950572 0.6904576 0.37902272 -0.24686089 0.52269864 -0.1477089 -0.28281656 0.45697978 0.39361286 -0.30550355 0.6510948 -0.1949514 -0.33706003 0.57248604 0.26882714 -0.20372057 0.7971132 -0.11338338 -0.22443186 0.74042654 0.06398314 0.03747654 0.7846077 
3 0.25449234 -1.4238331 0.6272305 0.0014714301 -1.4368926 0.5806247 0.2437876 -1.0157787 0.5363936 0.00043912977 -1.0230424 0.50877625 0.18675575 -0.67583215 0.740312 0.01588706 -0.68352145 0.72510934 0.349097 -0.22455406 0.5640022 -0.14651747 -0.23635437 0.51100266 0.38315952 -0.29802 0.67876065 -0.19940802 -0.30187726 0.6112641 0.27129662 -0.20692529 0.8355929 -0.10945545 -0.21554466 0.7839676 0.06887091 0.033076495 0.82282746 
106 0.25792778 -1.4385685 0.5916304 0.003855139 -1.4573421 0.5541769 0.24609822 -1.0299015 0.4954245 -1.8931925e-05 -1.0407021 0.47968155 0.1892088 -0.69713223 0.71424735 0.016924739 -0.7062577 0.7034194 0.35409826 -0.256711 0.49625784 -0.1289018 -0.29215917 0.46761286 0.39182812 -0.3207448 0.6320242 -0.1838544 -0.34701827 0.58602965 0.2810067 -0.2098661 0.8067868 -0.11322039 -0.22594866 0.76421475 0.06839698 0.04315275 0.8065986 
50 0.2642919 -1.4144115 0.5858538 0.014825277 -1.4346367 0.5476589 0.25061515 -1.0085499 0.4971547 0.009423457 -1.0217159 0.4778118 0.1900394 -0.6778755 0.70404524 0.020886995 -0.68721753 0.68845737 0.34629196 -0.2487904 0.5072025 -0.1260857 -0.25548914 0.458288 0.37613446 -0.3102939 0.64010406 -0.18332705 -0.32054675 0.56841683 0.26839474 -0.19811702 0.8035383 -0.11162006 -0.21306668 0.75022656 0.057959646 0.048707068 0.80200547 
114 0.23220867 -1.4333148 0.55963415 -0.016135328 -1.4427462 0.5150317 0.22897267 -1.0234058 0.4693699 -0.014167197 -1.0266049 0.4462979 0.17556514 -0.6905137 0.6789205 0.0052835196 -0.69552785 0.66552716 0.32982135 -0.27076143 0.4711086 -0.14893162 -0.27178365 0.44212353 0.3691129 -0.33242244 0.60468113 -0.19766647 -0.32993993 0.55324566 0.2723787 -0.21509491 0.77094024 -0.11417795 -0.21969594 0.72617966 0.070634395 0.03803882 0.76818025 
62 0.25672007 -1.430166 0.6191629 0.008872166 -1.4487017 0.58141226 0.2457205 -1.022743 0.5254536 0.0056517273 -1.0344552 0.50765276 0.1896807 -0.6881907 0.73121345 0.019182414 -0.6970889 0.717071 0.34342098 -0.2617017 0.5294008 -0.1326842 -0.26560545 0.48190355 0.3772001 -0.3184642 0.66486955 -0.18566284 -0.32493198 0.59781504 0.27464437 -0.20327659 0.82957554 -0.11131003 -0.21590248 0.7783554 0.06570849 0.049459785 0.82931656 
109 0.24938722 -1.4438245 0.58738804 -0.004077211 -1.4557588 0.54210234 0.24507968 -1.0327574 0.49232575 -0.0034168214 -1.0379162 0.46798167 0.18524848 -0.69851816 0.70879805 0.013412066 -0.70452964 0.6942678 0.35264605 -0.27716118 0.50100994 -0.13600114 -0.29177248 0.47101352 0.38879585 -0.3385386 0.6367231 -0.18919957 -0.34489048 0.58387923 0.28101397 -0.2197481 0.7982259 -0.11065476 -0.22766887 0.7507583 0.0725824 0.033898234 0.7908161 
98 0.2712958 -1.4287679 0.59381473 0.012184426 -1.4524333 0.56125027 0.25873128 -1.0202091 0.49745837 0.0049393177 -1.034986 0.48533097 0.1987296 -0.69270945 0.7207578 0.024619706 -0.7030286 0.7106233 0.37299705 -0.2474226 0.51418895 -0.14149338 -0.29286897 0.4801605 0.40715802 -0.31301755 0.6412907 -0.19052526 -0.34745213 0.59571093 0.28557757 -0.21241188 0.80475634 -0.10727044 -0.23300448 0.76227075 0.073359475 0.026306212 0.79303294 
101 0.25620446 -1.4403696 0.5681855 0.0015066043 -1.4601679 0.5313273 0.24572505 -1.0292847 0.4780195 -0.0023326203 -1.0410955 0.46152684 0.18700856 -0.69730306 0.6978822 0.015883788 -0.7055278 0.68607914 0.3674533 -0.25636762 0.49056393 -0.14209396 -0.287654 0.4522955 0.3979624 -0.32202867 0.6224619 -0.1918127 -0.34645545 0.5673825 0.27692765 -0.21554033 0.7866757 -0.112437874 -0.23226884 0.73976547 0.067885384 0.029331475 0.77571136 
9 0.25750318 -1.4340959 0.6090946 0.0047068074 -1.4485614 0.56233585 0.24689403 -1.0219346 0.52092534 0.0037682503 -1.030181 0.4940333 0.18694395 -0.67894757 0.72838914 0.0164375 -0.68633884 0.7134286 0.3547413 -0.24178654 0.5501867 -0.1413568 -0.26105773 0.5008153 0.386273 -0.3074695 0.67151254 -0.19355309 -0.3197198 0.6063444 0.27228266 -0.20620586 0.82215595 -0.10844275 -0.21740067 0.77164686 0.06945907 0.03506893 0.8086694 
20 0.26937205 -1.4172153 0.59608275 0.018044136 -1.4394002 0.55442774 0.25890368 -1.0086516 0.50216615 0.012549356 -1.0230792 0.48088235 0.19358703 -0.6838176 0.71480334 0.023066975 -0.6945791 0.70070654 0.37154615 -0.2644953 0.5236461 -0.13283348 -0.29038823 0.4651358 0.39443713 -0.31603914 0.65390074 -0.18534537 -0.34088624 0.5799737 0.27583534 -0.20190091 0.802017 -0.108759895 -0.22261481 0.746961 0.068272255 0.04388377 0.7878864 
72 0.262438 -1.4164741 0.6162871 0.012634024 -1.4360843 0.5707426 0.25470838 -1.0098487 0.5236168 0.008259617 -1.0217421 0.4973242 0.19032645 -0.68134964 0.7372708 0.018955678 -0.6900676 0.7198588 0.35687745 -0.2516346 0.5483271 -0.13073412 -0.2670315 0.49090034 0.38786888 -0.3175584 0.67347705 -0.18916956 -0.32507837 0.5966776 0.27212664 -0.20849334 0.8244324 -0.11092443 -0.22167107 0.7669786 0.06578337 0.03297168 0.8036739 
90 0.24882385 -1.4115944 0.57313764 -0.0078022256 -1.4285567 0.5299882 0.23937967 -1.0042287 0.4928646 -0.0054000393 -1.0145898 0.46772105 0.17834413 -0.67500466 0.7029035 0.009531528 -0.6822388 0.68562585 0.34406456 -0.254162 0.5194069 -0.13908777 -0.25867838 0.45804042 0.37354365 -0.31443334 0.6420857 -0.19426656 -0.31535736 0.5628608 0.26403892 -0.2046059 0.7884845 -0.11097554 -0.21487693 0.7301869 0.06646052 0.03305763 0.7653021 
73 0.24995257 -1.4048529 0.59640557 -0.0026669726 -1.4218729 0.548796 0.243213 -0.9984258 0.51207596 -0.0023926198 -1.0084639 0.48228404 0.17886306 -0.6692284 0.7237544 0.009030879 -0.6759961 0.7044851 0.3368041 -0.25260177 0.5433693 -0.14159909 -0.24990498 0.48297256 0.3724811 -0.3112977 0.66432995 -0.19895123 -0.3092393 0.5853323 0.2634619 -0.20336889 0.80669475 -0.113247275 -0.21223037 0.74911374 0.065978155 0.032082945 0.78040355 
19 0.27070403 -1.4217384 0.60667694 0.013810076 -1.4412622 0.56677973 0.25745237 -1.0132072 0.5188082 0.011165239 -1.0259643 0.49707723 0.19375774 -0.6775414 0.72696936 0.023743972 -0.68660897 0.7125601 0.38201076 -0.24082093 0.54638594 -0.14425354 -0.26424295 0.48651314 0.40169573 -0.29976553 0.671044 -0.19209479 -0.32068914 0.5984477 0.27693975 -0.20024526 0.8206259 -0.105734825 -0.21682797 0.767129 0.07285309 0.040877223 0.80857134 
38 0.2512811 -1.4324185 0.60867536 0.0035725757 -1.4519012 0.57136667 0.2422077 -1.0241077 0.5133622 -0.0002347529 -1.0371197 0.49636975 0.18276027 -0.69085026 0.7209999 0.012904517 -0.69980913 0.7076224 0.34691268 -0.25777313 0.5191079 -0.13631411 -0.27108556 0.46987006 0.375683 -0.32023734 0.6541633 -0.1912062 -0.33234262 0.58419806 0.26643273 -0.20784526 0.81754243 -0.11674611 -0.22278447 0.76404595 0.06005737 0.041017443 0.81421906 
46 0.26097012 -1.3999882 0.6056398 0.011056334 -1.420468 0.56090695 0.2515424 -0.99526525 0.51569897 0.0073512197 -1.008233 0.4897877 0.18682328 -0.665454 0.7254011 0.016760848 -0.6744484 0.7075732 0.3520059 -0.24544743 0.5470574 -0.13481893 -0.25193393 0.47735193 0.37999946 -0.30536395 0.6679687 -0.191243 -0.31273365 0.5810735 0.26457733 -0.19873285 0.8079628 -0.111030996 -0.21283354 0.7483244 0.062491026 0.03375101 0.78293896 
1 0.25983968 -1.4127754 0.6119437 -0.003495939 -1.4303261 0.56840956 0.24780895 -1.0068833 0.52839136 -0.0021824613 -1.0172465 0.502033 0.18707779 -0.66622305 0.73507345 0.014925703 -0.67387253 0.7197746 0.34979242 -0.22336802 0.561315 -0.13961194 -0.24130024 0.5113272 0.3845125 -0.29271245 0.6774967 -0.19542134 -0.30392504 0.61166215 0.27319852 -0.20046109 0.8312506 -0.108404964 -0.2104804 0.77780426 0.07332311 0.036554426 0.8147348 
75 0.26229796 -1.41154 0.6463723 0.008861758 -1.4357412 0.60308814 0.25192305 -1.009292 0.54511505 0.005123578 -1.0239912 0.5234153 0.1907742 -0.6814605 0.75962204 0.018415816 -0.6914029 0.7442133 0.34613478 -0.2516908 0.56383884 -0.13004264 -0.26658213 0.51017237 0.38621 -0.31036735 0.6878396 -0.19040465 -0.32293358 0.6161364 0.2745576 -0.20318268 0.84490794 -0.112155266 -0.22012593 0.790029 0.06798752 0.039241314 0.8257399 
36 0.26482773 -1.424829 0.6069021 0.01376719 -1.4441396 0.5723365 0.25262073 -1.0166031 0.5175142 0.009317733 -1.0297098 0.501248 0.1896962 -0.6873242 0.72920024 0.02127102 -0.69624627 0.71493864 0.35885343 -0.26943374 0.529526 -0.13073498 -0.27900076 0.48412693 0.38352734 -0.32434058 0.6644799 -0.181761 -0.33458796 0.599853 0.27202427 -0.2082101 0.8244558 -0.10858225 -0.22285722 0.7746259 0.06277943 0.03864634 0.82275486 
22 0.26128152 -1.4287596 0.5919118 0.0076148883 -1.4515673 0.55852926 0.25015333 -1.0215808 0.49472964 0.00289049 -1.035793 0.48081118 0.19034266 -0.6924982 0.71434283 0.018263921 -0.70345443 0.70411247 0.3706799 -0.26295584 0.5122334 -0.13556626 -0.30024692 0.4645196 0.39393562 -0.31882074 0.64637315 -0.1862072 -0.35090137 0.58467716 0.27859634 -0.20384052 0.80388725 -0.112915 -0.22535363 0.75290495 0.0687222 0.04821363 0.79735583 
34 0.26699105 -1.4375405 0.62744606 0.012653768 -1.462962 0.5969694 0.25306037 -1.0298989 0.53041404 0.007374458 -1.0468118 0.52069235 0.19187711 -0.69468373 0.7435093 0.020652562 -0.70603335 0.73262817 0.37353 -0.26254994 0.5424098 -0.1351659 -0.2965327 0.49192074 0.39689487 -0.31795162 0.6793209 -0.18670866 -0.3501711 0.6138383 0.27553713 -0.20765814 0.83492726 -0.11257147 -0.23092258 0.78610796 0.062454544 0.039245546 0.8310365 
41 0.25631168 -1.4157693 0.6166589 0.0057270974 -1.4381514 0.57491463 0.24719442 -1.0086567 0.5213842 0.002726011 -1.0234445 0.49990204 0.18351762 -0.67709494 0.7318685 0.0130986795 -0.6870431 0.71552485 0.3454279 -0.25259697 0.54314214 -0.14250581 -0.26931533 0.48085073 0.37725672 -0.30798793 0.66769177 -0.1969186 -0.32377842 0.5910208 0.2649529 -0.20127408 0.8155863 -0.11479676 -0.21758811 0.76000625 0.062371712 0.03678167 0.79694563 
55 0.26500395 -1.4111696 0.5950862 0.0112649575 -1.4323899 0.5499678 0.25192004 -1.0023549 0.5121072 0.009778127 -1.0161815 0.4863294 0.18641564 -0.671162 0.7214774 0.017884627 -0.6808535 0.7044038 0.36098304 -0.24604583 0.5573976 -0.1378634 -0.2701888 0.4756317 0.38118273 -0.29967597 0.67351925 -0.19021216 -0.32079726 0.58154297 0.2626294 -0.19692776 0.80840576 -0.11096617 -0.21410125 0.74504405 0.06279485 0.037157625 0.7817891 
14 0.26301432 -1.4258866 0.6011561 0.008670412 -1.4434271 0.5583586 0.2521134 -1.0144088 0.51067597 0.0057822615 -1.0249887 0.48713213 0.19076674 -0.67615485 0.7228029 0.020070046 -0.68442976 0.70865077 0.38116872 -0.24052235 0.5457154 -0.14936817 -0.27233696 0.48826793 0.40019837 -0.30412316 0.66616434 -0.19459817 -0.32528794 0.59930676 0.27597433 -0.20258993 0.8089609 -0.10559172 -0.21714947 0.75705194 0.07439162 0.03243521 0.7887069 
81 0.265472 -1.425693 0.6132986 0.018558688 -1.444026 0.5696866 0.25737116 -1.0172112 0.51893866 0.0133338645 -1.0282755 0.4958191 0.1929455 -0.685613 0.7294521 0.023557082 -0.6944073 0.7141446 0.36945188 -0.26250914 0.5437324 -0.13994944 -0.27992976 0.48295677 0.39257273 -0.31991667 0.67009526 -0.18814519 -0.33151355 0.59375226 0.27587718 -0.207695 0.8171333 -0.106000535 -0.22339636 0.76046306 0.07000038 0.034340292 0.8004877 
87 0.26834217 -1.4240129 0.6113113 0.0104712695 -1.4487782 0.5741482 0.25800592 -1.0166197 0.51678646 0.008045629 -1.0323145 0.49914265 0.19337568 -0.6919163 0.7368739 0.0223023 -0.7018536 0.7221068 0.3642513 -0.27207032 0.5428899 -0.12487859 -0.30173734 0.48408896 0.39206794 -0.3248756 0.67336357 -0.18176374 -0.3490542 0.5969302 0.27765068 -0.20840687 0.82040787 -0.10901768 -0.2274885 0.7625541 0.07032656 0.035540313 0.79869103 
42 0.27106348 -1.4211372 0.63673675 0.0151821 -1.449303 0.5982716 0.2567252 -1.0152856 0.5367969 0.009998143 -1.0340021 0.5189605 0.19298299 -0.6803416 0.74841654 0.020592019 -0.69288296 0.7349375 0.36643994 -0.24882019 0.5660702 -0.12894282 -0.27512378 0.49477693 0.39315262 -0.303065 0.68841696 -0.18900311 -0.33191946 0.60558176 0.27114624 -0.20139927 0.8289247 -0.11110275 -0.22552684 0.77284664 0.06542572 0.0336141 0.80612755 
52 0.25892475 -1.411527 0.6070776 0.007830583 -1.4334744 0.56794566 0.24482906 -1.0079743 0.5150567 0.0033776686 -1.0218117 0.49604496 0.18788984 -0.6798479 0.7243633 0.016913652 -0.6896671 0.71044296 0.3423495 -0.2531364 0.52753556 -0.12980884 -0.26837754 0.4806079 0.37549296 -0.31150854 0.65854055 -0.18601552 -0.32641864 0.5930287 0.2695647 -0.19879052 0.82046777 -0.11349969 -0.21372913 0.7686006 0.061176606 0.050041318 0.8152783 
71 0.2565919 -1.4002383 0.6067558 -0.0023550838 -1.4174657 0.5628176 0.24400501 -0.99534065 0.5215596 -0.0047119185 -1.0056134 0.49425453 0.18167245 -0.66727173 0.7312018 0.010808669 -0.6759402 0.71402985 0.34477085 -0.2405989 0.54847735 -0.14843097 -0.23837623 0.48997247 0.37677145 -0.30081367 0.66298753 -0.20411019 -0.29854584 0.59029055 0.2608565 -0.20158562 0.81609625 -0.11725299 -0.21270663 0.7632451 0.056278773 0.03359115 0.79510677 
25 0.26882732 -1.4259472 0.5711089 0.012153216 -1.4485123 0.5335499 0.25479436 -1.014589 0.4909601 0.010872804 -1.0301325 0.47118264 0.18937604 -0.67912155 0.702785 0.020922959 -0.68930835 0.68834263 0.38453352 -0.24975325 0.53123045 -0.14940971 -0.28109157 0.45847905 0.3961774 -0.30244964 0.65615785 -0.19290674 -0.33389342 0.5739287 0.26990336 -0.19900952 0.79326195 -0.10910765 -0.2208236 0.73522097 0.06667356 0.037797004 0.7759491 
16 0.25418878 -1.427014 0.58913964 -0.005032137 -1.4389038 0.54367757 0.24252968 -1.0168743 0.5078114 -0.0041503906 -1.0234364 0.47974002 0.18021724 -0.6734236 0.71001714 0.0111176595 -0.67959255 0.6942631 0.36650747 -0.22281092 0.53115267 -0.1665912 -0.22340843 0.47888133 0.38932124 -0.29225507 0.6501804 -0.20970395 -0.29213804 0.5838153 0.26750493 -0.20478538 0.80390483 -0.1111933 -0.21289025 0.7552134 0.07031714 0.030086994 0.7931815 
111 0.251336 -1.4373847 0.60253054 -0.0026068091 -1.4521815 0.56511956 0.24374521 -1.0280745 0.50656164 -0.004083842 -1.0359873 0.48941988 0.18823132 -0.69581544 0.72349 0.015517347 -0.7030318 0.71216595 0.35605606 -0.26933372 0.50886273 -0.13778514 -0.29629737 0.48231396 0.39144415 -0.32727468 0.64567536 -0.18740445 -0.34503645 0.60061693 0.2840401 -0.21247987 0.81440485 -0.1085706 -0.22384132 0.7718962 0.07625173 0.04082215 0.8138031 
37 0.25411433 -1.4269884 0.59952986 0.0025980473 -1.4452316 0.5611675 0.24333392 -1.017472 0.5086361 -8.7313354e-05 -1.0296326 0.4893527 0.18096353 -0.6859024 0.71954644 0.0119365975 -0.6943454 0.70465267 0.34971684 -0.26397842 0.5223443 -0.14180858 -0.27293712 0.47138026 0.37506282 -0.3205544 0.6559136 -0.19315524 -0.33105764 0.58574426 0.26394963 -0.20580888 0.8120749 -0.11612214 -0.22024307 0.7597186 0.059794918 0.040276527 0.8050429 
48 0.25777876 -1.4144486 0.6216727 0.008812532 -1.4378372 0.57773423 0.24665044 -1.0088071 0.5263078 0.004932508 -1.0233588 0.504377 0.18529482 -0.6784898 0.73730767 0.016025417 -0.68885785 0.7225338 0.34021682 -0.25735343 0.5519533 -0.12860373 -0.27029467 0.4914607 0.37553447 -0.31539077 0.67643213 -0.18700878 -0.32993054 0.60080665 0.26682997 -0.20244046 0.8216489 -0.112674415 -0.21968119 0.76614577 0.06267236 0.038490593 0.8022895 
96 0.26446223 -1.4287094 0.62289155 0.009427272 -1.4502072 0.5850258 0.25408205 -1.0215919 0.52638483 0.0034683645 -1.0347065 0.5086962 0.19406825 -0.69378304 0.7472584 0.020690463 -0.7033422 0.7353414 0.3640591 -0.25336015 0.5407163 -0.13685095 -0.29162955 0.5085166 0.39834058 -0.3223539 0.6686337 -0.18834533 -0.3471674 0.6218381 0.28227645 -0.21572617 0.8340623 -0.10751334 -0.23206267 0.7893395 0.0729361 0.02991891 0.82439053 
100 0.2601719 -1.4307892 0.591674 0.009782016 -1.4508454 0.56060016 0.2488541 -1.0217668 0.50029796 0.0043291003 -1.035144 0.48823777 0.19294816 -0.69142246 0.7107752 0.022055857 -0.70018274 0.6999205 0.3589517 -0.25260946 0.49688774 -0.14004555 -0.27546117 0.46479845 0.3925616 -0.31647277 0.631098 -0.18872298 -0.3348212 0.5821732 0.28215122 -0.20792806 0.80159086 -0.1062201 -0.2232854 0.7594024 0.073431194 0.036709815 0.8018906 
76 0.26647055 -1.379049 0.632311 0.0068669617 -1.4017768 0.586648 0.25697902 -0.9798025 0.538593 0.0039440766 -0.9934386 0.51093173 0.1903446 -0.6627219 0.7604781 0.017318256 -0.672272 0.74321026 0.3431776 -0.25112754 0.5787928 -0.12735999 -0.2650442 0.5201647 0.3823196 -0.30761522 0.69464386 -0.19038874 -0.31857288 0.61901677 0.27221832 -0.19899623 0.8367883 -0.10885661 -0.2130994 0.7788241 0.07182781 0.03364727 0.80299807 
67 0.25067204 -1.4282514 0.6084352 -0.0030643344 -1.4463891 0.56276655 0.2413596 -1.0197539 0.516985 -0.002790019 -1.0302083 0.4929326 0.17969488 -0.6822989 0.72281635 0.01026427 -0.6905246 0.7060479 0.34101486 -0.25840235 0.53164923 -0.14797254 -0.25407153 0.46959803 0.37404427 -0.3151675 0.65736884 -0.2005595 -0.31591752 0.57723165 0.2624204 -0.20768343 0.8088305 -0.115574494 -0.22104411 0.75161535 0.06106198 0.033953488 0.79040223 
40 0.26135087 -1.4236912 0.6004811 0.007778421 -1.4469669 0.56930834 0.24945384 -1.0152285 0.5059254 0.0017152205 -1.031767 0.49299744 0.1864774 -0.68648297 0.72071207 0.015330598 -0.6967684 0.70803916 0.36360025 -0.2568251 0.51732826 -0.13768822 -0.28265768 0.46843988 0.38768578 -0.31371468 0.65173477 -0.19044964 -0.33918318 0.58614504 0.26972857 -0.20407957 0.81040305 -0.115317866 -0.22401018 0.760364 0.06217061 0.03893161 0.80445224 
105 0.25536084 -1.427338 0.5861338 0.001819782 -1.4425642 0.5415837 0.24702428 -1.018363 0.49334678 -0.0005434826 -1.0265126 0.46999773 0.18793207 -0.68992364 0.7096982 0.016962536 -0.6977788 0.69595987 0.34487754 -0.26323116 0.5043891 -0.13246545 -0.27972996 0.47318533 0.3838448 -0.32770386 0.63383317 -0.18720095 -0.33697015 0.58251077 0.278328 -0.21301602 0.79722744 -0.10977414 -0.22455204 0.75084317 0.07044818 0.03542131 0.78715646 
88 0.26263082 -1.4210923 0.62858856 0.008646734 -1.441571 0.5922981 0.25548777 -1.0157872 0.5299807 0.0063235313 -1.0279317 0.5121546 0.19430232 -0.6925125 0.7476978 0.022021055 -0.7008298 0.73372734 0.3604707 -0.28272116 0.5486529 -0.12787841 -0.2992093 0.49991226 0.38793772 -0.33429933 0.6820932 -0.18066885 -0.34528276 0.6136793 0.283409 -0.2097104 0.8316208 -0.10497978 -0.22346723 0.77820504 0.0771918 0.04107058 0.8178022 
54 0.25311074 -1.425197 0.59799933 0.0058041066 -1.4432521 0.5555628 0.24567822 -1.0160176 0.50420845 0.0058965534 -1.0276408 0.48122483 0.18212655 -0.6840151 0.7131689 0.0143209845 -0.69232434 0.6958827 0.3452506 -0.27517867 0.5197442 -0.12968871 -0.28115898 0.45443323 0.37136558 -0.32504553 0.652167 -0.1845797 -0.33079743 0.5675728 0.26698202 -0.20426641 0.80236495 -0.11101759 -0.21661982 0.7417364 0.06480297 0.042300254 0.78732985 
110 0.24935153 -1.4408672 0.5714608 -0.0034565553 -1.452173 0.5264399 0.2444286 -1.0300404 0.47827548 -0.0035968646 -1.0345368 0.4541363 0.18440774 -0.6968315 0.69618887 0.012778483 -0.70272124 0.6823239 0.35312486 -0.27355093 0.4871683 -0.14375068 -0.289267 0.45944506 0.38850617 -0.33409533 0.6214731 -0.19280528 -0.3421448 0.57338333 0.2800809 -0.21807256 0.78527206 -0.11113712 -0.22659098 0.7407942 0.07267359 0.03395042 0.7795173 
8 0.26281726 -1.4027667 0.62186134 0.005877517 -1.4169836 0.5747975 0.25113946 -0.994295 0.53719044 0.0044227764 -1.0022266 0.50852436 0.19036737 -0.6559922 0.7453033 0.020770706 -0.6634123 0.73030066 0.36718655 -0.21330193 0.58009136 -0.15738109 -0.22522806 0.5267392 0.3940685 -0.28432482 0.6878008 -0.20077935 -0.2901579 0.6247036 0.2718593 -0.19489892 0.83224034 -0.10307291 -0.20477638 0.7843903 0.073732644 0.03374967 0.81237125 
108 0.24976432 -1.4379015 0.58185875 -0.0038819984 -1.4511267 0.53916866 0.2433342 -1.0279894 0.48451513 -0.0050531924 -1.0341425 0.4638751 0.18572322 -0.69612753 0.70282483 0.013861977 -0.7028166 0.6903832 0.3476459 -0.27412176 0.4936651 -0.139487 -0.28967008 0.468047 0.38638428 -0.33366287 0.6277058 -0.19147205 -0.342678 0.5820248 0.28041473 -0.21517047 0.7904085 -0.11160853 -0.22472641 0.7474156 0.070589945 0.036924183 0.7840259 
104 0.25419533 -1.4004059 0.5138394 -0.008537896 -1.4171183 0.46824157 0.24137083 -0.99688214 0.43648642 -0.008379869 -1.0053184 0.41063553 0.18250409 -0.6715133 0.65099704 0.012222134 -0.6790937 0.6373371 0.349002 -0.23080032 0.45472556 -0.15125352 -0.24788266 0.41929373 0.38237268 -0.30313626 0.57318294 -0.20035005 -0.3132227 0.52327764 0.26958773 -0.20643365 0.737034 -0.110316806 -0.21680136 0.69256514 0.069031656 0.02897513 0.72161114 
79 0.26364136 -1.4153204 0.6233192 0.00930021 -1.4341382 0.58125573 0.24991566 -1.0090134 0.5320618 0.004466191 -1.0202389 0.5086862 0.1888788 -0.6765677 0.7391849 0.019200936 -0.68597496 0.7242318 0.33949578 -0.2525306 0.5467939 -0.13166785 -0.2518876 0.50029016 0.3773518 -0.31228805 0.6685609 -0.18946677 -0.3138026 0.6051192 0.2700406 -0.20415223 0.8306773 -0.110618666 -0.21751353 0.7808311 0.062521785 0.039616704 0.81902313 
58 0.25100794 -1.4331838 0.615897 0.0029274225 -1.4544777 0.57505906 0.24441248 -1.0224019 0.5229682 0.0033316985 -1.0369852 0.50214267 0.18117082 -0.6927482 0.7361962 0.0127109215 -0.7017618 0.71895057 0.34455588 -0.27178615 0.5502516 -0.12953931 -0.29123458 0.47528866 0.37367058 -0.32435393 0.6817332 -0.18630177 -0.3420136 0.5879122 0.26761425 -0.20732334 0.8245951 -0.11224993 -0.22451271 0.7574069 0.06912003 0.039738655 0.80328166 
2 0.25610736 -1.4277186 0.62953246 -0.004604399 -1.4426739 0.5875342 0.2444602 -1.0187668 0.54044425 -0.0040973276 -1.0276634 0.5163355 0.1861122 -0.6746745 0.74839395 0.013939388 -0.68251806 0.73433816 0.36107957 -0.21373327 0.5835307 -0.16137254 -0.23656084 0.5273105 0.39132777 -0.2881921 0.6931844 -0.20878807 -0.3006516 0.6281237 0.27212766 -0.20772672 0.84555835 -0.109961264 -0.21780284 0.79545385 0.07097717 0.029328555 0.83360964 
113 0.2463766 -1.4321728 0.60312855 -0.0069520697 -1.4456378 0.5608356 0.23931783 -1.023826 0.50757325 -0.0070366114 -1.0302724 0.4860948 0.18372452 -0.69056034 0.721345 0.0105838105 -0.69792515 0.7083453 0.33617246 -0.26508301 0.51443076 -0.13544837 -0.28047943 0.48557577 0.37762222 -0.32231316 0.64694047 -0.18979841 -0.3330618 0.59905905 0.27723274 -0.20880108 0.81283635 -0.11445535 -0.21808568 0.7696593 0.069962 0.04367602 0.810539 
12 0.26767954 -1.4164032 0.60131556 0.011894263 -1.4335879 0.55477643 0.25478345 -1.0068338 0.51342154 0.008773513 -1.0176398 0.4859561 0.1911004 -0.6690976 0.7234268 0.020593256 -0.6773108 0.7072012 0.37319303 -0.22784431 0.55069804 -0.14147149 -0.24776919 0.4962014 0.39591002 -0.296294 0.6677706 -0.19298409 -0.30808407 0.600246 0.2715417 -0.2003823 0.8141773 -0.10767138 -0.21235274 0.76311463 0.06860549 0.034489155 0.79659396 
93 0.27095518 -1.4218342 0.5934887 0.011954948 -1.4448427 0.55940413 0.25886962 -1.0134254 0.502968 0.0059811547 -1.028223 0.48657313 0.19712886 -0.6886406 0.72692555 0.02352085 -0.6982856 0.7137678 0.37443125 -0.25572193 0.5244414 -0.13368991 -0.28734756 0.4815145 0.40456524 -0.3174903 0.65390706 -0.18792063 -0.34214935 0.59520125 0.28293487 -0.2094744 0.8111069 -0.10750253 -0.22692275 0.7632508 0.07470286 0.028720409 0.7902863 
30 0.26696375 -1.4358412 0.5859169 0.0115403235 -1.4593751 0.54819894 0.253386 -1.0258482 0.49815547 0.010170326 -1.0417594 0.47994357 0.18614592 -0.6909641 0.7081629 0.018482909 -0.70133895 0.69288087 0.37332624 -0.26147228 0.52604663 -0.13746351 -0.2896076 0.4512826 0.3879422 -0.31328762 0.65740037 -0.18830389 -0.3407011 0.56807864 0.26673245 -0.20355684 0.80298483 -0.11357764 -0.22494443 0.74105203 0.06160079 0.042228043 0.7902288 
29 0.25390023 -1.4349176 0.6184517 0.0044610426 -1.4568225 0.57770777 0.24445784 -1.0261409 0.52616835 0.0047828853 -1.04094 0.5066483 0.18181726 -0.6894461 0.7312733 0.013780221 -0.6996752 0.7163081 0.35990602 -0.26213598 0.5494212 -0.1381386 -0.28680617 0.4712599 0.38061306 -0.31454077 0.67970407 -0.18974549 -0.33855176 0.5876554 0.2651734 -0.20364353 0.8219619 -0.114013985 -0.22375003 0.7589438 0.06268206 0.04430607 0.8087626 
83 0.2536628 -1.4345891 0.60629624 0.0055511817 -1.4550326 0.56468767 0.2464903 -1.0241792 0.5092594 0.0021106154 -1.0372181 0.48885173 0.18595079 -0.6927057 0.7199465 0.01499252 -0.7010178 0.7046271 0.3393756 -0.27156046 0.5213805 -0.14289054 -0.27596125 0.4736253 0.3782181 -0.32933515 0.6546652 -0.1931667 -0.33524197 0.5848398 0.27270237 -0.21179023 0.8096038 -0.11254538 -0.22670507 0.75551456 0.06799528 0.036412925 0.7969279 
45 0.2763668 -1.3985683 0.6019635 0.019716084 -1.4265909 0.56338066 0.26141706 -0.9923838 0.5134429 0.014529407 -1.0115651 0.49395117 0.19340193 -0.6642372 0.7305542 0.023554035 -0.67564225 0.71426576 0.3650701 -0.24660674 0.5471641 -0.11663849 -0.26661745 0.47759455 0.3917745 -0.29665655 0.6702933 -0.17885241 -0.31972763 0.5841327 0.27116933 -0.19180883 0.80906147 -0.10568418 -0.21330175 0.74974906 0.0680073 0.036600858 0.7806508 
32 0.26460207 -1.4410443 0.60813564 0.0095819235 -1.4645305 0.571588 0.25291666 -1.0309682 0.51363957 0.007520832 -1.0472687 0.4965409 0.18647134 -0.69520247 0.7234266 0.01586181 -0.70584416 0.7077708 0.36758414 -0.26935822 0.5271735 -0.1431887 -0.28949875 0.46147206 0.3879335 -0.32074967 0.66277087 -0.19612229 -0.34240258 0.5801452 0.2674473 -0.20773593 0.81593996 -0.11920665 -0.22887722 0.75859874 0.056326516 0.03756094 0.8067931 
31 0.26274344 -1.4313787 0.5822239 0.010959245 -1.4545875 0.5440924 0.25140035 -1.0205871 0.492598 0.008637048 -1.0363921 0.47447824 0.18373275 -0.690359 0.70507747 0.015736789 -0.70070523 0.68965644 0.36176592 -0.2757941 0.51288813 -0.13987933 -0.29763407 0.44639117 0.38103634 -0.32607633 0.6487 -0.19164129 -0.34764776 0.56777143 0.2655326 -0.20503566 0.7943839 -0.11721574 -0.22521028 0.73694134 0.057247862 0.03943342 0.7827809 
5 0.24489352 -1.4268892 0.63056654 -0.0038928539 -1.4383563 0.5790399 0.23884983 -1.0170163 0.5405797 -0.0012006536 -1.022588 0.50942534 0.1811293 -0.67448545 0.74762976 0.01117754 -0.68104017 0.7309298 0.3354401 -0.23058064 0.57628715 -0.14209116 -0.24542709 0.518662 0.37322855 -0.30299824 0.6911891 -0.19594224 -0.3084283 0.6187868 0.26857626 -0.20369335 0.8419976 -0.1109336 -0.21105318 0.7863682 0.06991423 0.038501382 0.82631415 
15 0.2492132 -1.4388403 0.6084398 -0.0034053326 -1.4552889 0.5664578 0.23933165 -1.028878 0.51491153 -0.0054341257 -1.0388341 0.49130133 0.18214831 -0.6889909 0.7264584 0.009056397 -0.69716454 0.7121581 0.35500717 -0.23386551 0.5399742 -0.1531426 -0.26438957 0.48712692 0.38582033 -0.30786967 0.66237694 -0.20440067 -0.32531035 0.59688175 0.26931033 -0.21129628 0.8227232 -0.11917837 -0.22301564 0.77188224 0.06447251 0.034257263 0.8132442 
74 0.24642411 -1.4071279 0.620548 -0.0009393394 -1.4221969 0.5732492 0.24039158 -1.0000169 0.5331595 -0.0024282932 -1.0092317 0.50347364 0.1783132 -0.6719913 0.74475807 0.008555025 -0.6787606 0.72612613 0.3405803 -0.25821877 0.5683888 -0.13910016 -0.2599157 0.5017398 0.3722646 -0.31753522 0.69120497 -0.19661042 -0.31468529 0.6041717 0.26292667 -0.20436879 0.82628083 -0.11262988 -0.21321341 0.7645402 0.06713996 0.032292992 0.7948863 
59 0.2526297 -1.4303088 0.62047756 0.0032153428 -1.4472015 0.5774188 0.24269857 -1.0238398 0.52972364 0.002598092 -1.0339466 0.5062202 0.18638396 -0.6859765 0.7313163 0.016312331 -0.69391155 0.7144196 0.3395506 -0.2533127 0.53440404 -0.13120824 -0.24885137 0.48269227 0.37596035 -0.31062853 0.665239 -0.18897097 -0.31050366 0.5893141 0.26881033 -0.20563734 0.8293384 -0.11183524 -0.21687897 0.77341396 0.06407741 0.043875664 0.82354313 
61 0.24868748 -1.4345441 0.6104903 0.0017875358 -1.4512148 0.5709427 0.2377452 -1.027289 0.51743984 0.00052372366 -1.0376087 0.49778107 0.18371463 -0.6889361 0.71784556 0.014292158 -0.69665563 0.7025844 0.3420775 -0.25763667 0.5167768 -0.13427874 -0.25448132 0.46473432 0.37232548 -0.31455112 0.65154606 -0.188806 -0.31281048 0.57762635 0.2665519 -0.2033278 0.818423 -0.11500979 -0.21344167 0.7650072 0.059543423 0.049116343 0.8188473 
94 0.27071506 -1.4159167 0.6448523 0.01374343 -1.4405496 0.6073935 0.2577613 -1.0122006 0.54509324 0.00676129 -1.0270469 0.5286434 0.19986178 -0.6857394 0.76689357 0.02578701 -0.69663274 0.75609446 0.36544925 -0.25139165 0.5622811 -0.13229968 -0.28808558 0.5276234 0.4014389 -0.31578982 0.6891885 -0.18559925 -0.3418135 0.6404773 0.28535253 -0.20834932 0.8503278 -0.10457499 -0.22640197 0.8060336 0.075642504 0.033850074 0.8352887 
116 0.24040955 -1.4368875 0.5979686 -0.010522179 -1.446722 0.55088437 0.23630834 -1.029165 0.50212675 -0.008416228 -1.0325596 0.47570705 0.18159327 -0.69629145 0.715495 0.009065367 -0.70181495 0.7006451 0.3308217 -0.27366534 0.5066893 -0.13293158 -0.27609247 0.47782382 0.37193036 -0.3336467 0.639098 -0.18756008 -0.33122557 0.5873835 0.2768855 -0.2162695 0.81046367 -0.113607004 -0.22019026 0.76379746 0.0707646 0.04341325 0.8101497 
11 0.25731283 -1.4020498 0.6381953 -0.002858907 -1.4119859 0.589924 0.24779269 -0.99535394 0.5532396 0.00083788484 -0.9997781 0.5222083 0.18775141 -0.65385956 0.7571951 0.018069878 -0.65964144 0.7410798 0.35265228 -0.20909892 0.5934376 -0.16317526 -0.20402777 0.5373912 0.3846179 -0.2790314 0.6984109 -0.20647877 -0.271195 0.6330053 0.27337945 -0.1939638 0.8451546 -0.10122248 -0.1984775 0.79702634 0.079410516 0.03556493 0.82753086 
115 0.23863828 -1.4363198 0.57578766 -0.009546079 -1.4465973 0.5250591 0.23535487 -1.026744 0.48500445 -0.0073850155 -1.0303015 0.45644566 0.17768176 -0.6916646 0.6945079 0.0068846047 -0.69715667 0.6787602 0.3360579 -0.26960823 0.49257544 -0.14333728 -0.27252203 0.45668355 0.37248793 -0.3307882 0.62605894 -0.1943492 -0.33117646 0.56638134 0.27196878 -0.21421735 0.78675526 -0.11436889 -0.22028582 0.7373006 0.06976184 0.0387111 0.78057086 
66 0.25388795 -1.4263527 0.6259611 0.0074827373 -1.4450327 0.57838154 0.24668121 -1.0189579 0.5302639 0.0067300424 -1.0299952 0.5056461 0.18540984 -0.68512607 0.7389534 0.015959106 -0.69389105 0.72234356 0.3426522 -0.26264194 0.54667735 -0.13094327 -0.27031696 0.4817116 0.37741178 -0.32042342 0.67615974 -0.18633944 -0.32777888 0.59212726 0.2701395 -0.20661846 0.82322234 -0.109584965 -0.2207158 0.7634436 0.06905972 0.039846867 0.80456185 
60 0.251639 -1.4308596 0.5951213 0.0022400022 -1.4481257 0.55653596 0.23993137 -1.022234 0.5038066 -0.002460122 -1.0328064 0.4853279 0.18422607 -0.687201 0.7101336 0.0140138045 -0.6959228 0.697443 0.34539157 -0.2600281 0.51126295 -0.14265388 -0.26547623 0.46936145 0.38032845 -0.31461078 0.6408252 -0.19468784 -0.32417446 0.58062637 0.26756203 -0.20799707 0.80375165 -0.11484348 -0.22197902 0.75662214 0.059461467 0.037900865 0.7996288 
103 0.26261076 -1.4376924 0.605544 0.008467749 -1.4586434 0.56941223 0.2519662 -1.0275214 0.5091997 0.0033058003 -1.0405618 0.49337074 0.19510534 -0.6975667 0.72894335 0.021315232 -0.7074684 0.7178848 0.35998616 -0.26371264 0.51841295 -0.13544369 -0.2987358 0.48792297 0.3963144 -0.32538265 0.6530344 -0.1870017 -0.35323584 0.6044954 0.28510588 -0.21224827 0.81958884 -0.10977981 -0.23043694 0.7751945 0.07262832 0.0380885 0.81390643 
86 0.26485652 -1.4210665 0.6073275 0.0067483187 -1.4429219 0.5677503 0.2547413 -1.0135534 0.5167221 0.0056799427 -1.0271695 0.49623966 0.1899802 -0.6853398 0.73387325 0.019881405 -0.69449425 0.71902746 0.37199226 -0.26043427 0.5500055 -0.1368704 -0.29386675 0.48500347 0.39385733 -0.31475744 0.67652786 -0.18781146 -0.34109217 0.5971568 0.2746048 -0.20640936 0.81673443 -0.106847495 -0.22503027 0.7579516 0.073526464 0.03289309 0.79287905 
43 0.2723542 -1.4151157 0.5955635 0.015043817 -1.4484062 0.5664092 0.25510567 -1.0086645 0.49920785 0.0072740093 -1.0319277 0.49054936 0.19268611 -0.6775433 0.71710026 0.021484971 -0.6909168 0.70555407 0.36673245 -0.24667525 0.51720154 -0.13518625 -0.28013837 0.4575091 0.3980826 -0.29656735 0.6456982 -0.19176939 -0.33403453 0.5756993 0.2732481 -0.19369513 0.796004 -0.112458594 -0.22189263 0.74659175 0.06443814 0.03645572 0.7768387 
95 0.26808575 -1.4282361 0.6197212 0.01125247 -1.4487178 0.58172834 0.25556484 -1.0204744 0.5265124 0.0057482272 -1.0328331 0.5078932 0.19608761 -0.689002 0.7440207 0.022906318 -0.69836557 0.7318687 0.3658429 -0.24573958 0.5424995 -0.13420421 -0.27732915 0.50695 0.39934966 -0.3156407 0.6703202 -0.18753213 -0.33788827 0.6192411 0.2816614 -0.21106753 0.83298385 -0.10719103 -0.22704253 0.78798115 0.072536156 0.032671303 0.82237405 
64 0.25060278 -1.424771 0.6200562 0.0029268414 -1.4433823 0.5779145 0.242843 -1.0158792 0.5278181 0.0023053512 -1.027863 0.50523734 0.18111686 -0.6847565 0.7380661 0.012811758 -0.6933993 0.7217594 0.34196973 -0.27344567 0.55123264 -0.13971797 -0.28265136 0.48680043 0.37052447 -0.3246637 0.68054605 -0.19073787 -0.3331722 0.5990782 0.26657867 -0.2054814 0.82521987 -0.11118285 -0.21931146 0.7651259 0.06705136 0.040968806 0.80744094 
77 0.26535738 -1.3836336 0.6365744 0.0067287907 -1.410541 0.59567636 0.25212988 -0.98459125 0.5419211 0.0022559538 -1.001101 0.5205554 0.1909308 -0.66593176 0.7621634 0.017597094 -0.67685163 0.7474689 0.3383193 -0.24776718 0.57243353 -0.12881473 -0.26233682 0.5211464 0.38105208 -0.30386984 0.6901983 -0.19155684 -0.31493634 0.6229037 0.27261376 -0.19604787 0.84304005 -0.11229574 -0.21234491 0.790403 0.06659726 0.039753944 0.81750923 
112 0.23723254 -1.43486 0.5798772 -0.013250038 -1.4448336 0.5336358 0.23416248 -1.0254143 0.48476028 -0.011905305 -1.0288002 0.4616212 0.17749408 -0.69535863 0.70175946 0.0066984817 -0.7013165 0.689107 0.33675885 -0.27791563 0.492199 -0.14626014 -0.28951705 0.46306515 0.3744509 -0.3351108 0.6276726 -0.19615465 -0.34055072 0.5781368 0.27589443 -0.21482724 0.789279 -0.1144653 -0.2226842 0.74443436 0.069722064 0.04023552 0.7843534 
65 0.25272384 -1.4175699 0.61826694 0.0024518147 -1.4363449 0.57390875 0.24490303 -1.0092747 0.52703 0.0030068085 -1.0211296 0.502835 0.18141693 -0.6781604 0.73688686 0.012949981 -0.68657696 0.71934444 0.34231782 -0.2685878 0.55358505 -0.14073414 -0.27061978 0.4846828 0.3717257 -0.31878084 0.6797545 -0.19358629 -0.32247877 0.593576 0.26504242 -0.2029237 0.8204056 -0.11227376 -0.21586952 0.76054704 0.06579063 0.039233327 0.79863966 
4 0.25003546 -1.4211063 0.62890506 -0.0035000592 -1.4335061 0.5815009 0.24136394 -1.0136713 0.53898907 -0.0023854673 -1.0203339 0.5104958 0.1843229 -0.6744745 0.7448987 0.013238676 -0.681413 0.7289198 0.3503954 -0.22940469 0.5686331 -0.14475363 -0.23840316 0.51560223 0.3822101 -0.3003159 0.68586665 -0.19767871 -0.30297846 0.6162913 0.27046928 -0.20593101 0.8390785 -0.10998196 -0.21316199 0.78672373 0.06906612 0.035550505 0.8249036 
85 0.25005054 -1.4292448 0.6223961 -0.0020765662 -1.4504677 0.58490264 0.24428657 -1.0211346 0.522912 -0.0031443536 -1.0344145 0.5057207 0.18562159 -0.6921299 0.73827654 0.013600677 -0.70087224 0.7245795 0.34656966 -0.27170274 0.53721285 -0.14308491 -0.28943753 0.48764557 0.38137615 -0.329045 0.6689544 -0.19292976 -0.3423624 0.6010214 0.27565396 -0.21168916 0.82081026 -0.1104808 -0.22708924 0.7665687 0.07246193 0.0357413 0.8048344 
69 0.25895834 -1.417403 0.65360993 0.005496919 -1.4362307 0.6030824 0.24917856 -1.0138924 0.559094 0.005247496 -1.0242236 0.53056693 0.18664432 -0.6793108 0.7647279 0.016047724 -0.6880316 0.746005 0.33914134 -0.25602013 0.5761697 -0.13090014 -0.24880105 0.5174708 0.3750481 -0.318208 0.70327336 -0.19018778 -0.3129981 0.62035906 0.26792276 -0.20405537 0.8562821 -0.11154964 -0.21489912 0.7964041 0.06328261 0.043034464 0.83964694 
68 0.25194752 -1.4187946 0.64422387 0.0044840276 -1.4373988 0.5939128 0.24484348 -1.0129682 0.5466844 0.0029659718 -1.0240545 0.5192457 0.18471277 -0.6814658 0.75612926 0.013318159 -0.6912385 0.73937696 0.33775502 -0.25357157 0.56919444 -0.12587734 -0.2616088 0.5026981 0.37374794 -0.31604287 0.69622546 -0.18939357 -0.323179 0.60773367 0.26701212 -0.20354144 0.8430345 -0.11575627 -0.21805277 0.7812024 0.06370091 0.04405424 0.82015127 
89 0.26235026 -1.4249353 0.6120141 0.0043716207 -1.4483776 0.57635325 0.25137404 -1.0177563 0.51609546 0.0020333156 -1.0325198 0.49865353 0.18927774 -0.68697417 0.72994906 0.017802775 -0.6961676 0.71570635 0.35738835 -0.26532048 0.5365453 -0.13853046 -0.2838832 0.4792028 0.3855021 -0.31993395 0.6639642 -0.19082579 -0.335113 0.5912893 0.2747426 -0.20688686 0.81367993 -0.109678395 -0.22351983 0.7586561 0.07025911 0.03545934 0.7952801 
0 0.25523478 -1.4325312 0.61923796 -0.0064995736 -1.4453475 0.5753614 0.2432585 -1.0248808 0.53267103 -0.005551696 -1.0311571 0.5068295 0.18586713 -0.67961407 0.7366958 0.012660146 -0.6867543 0.7227811 0.35889012 -0.20938411 0.561733 -0.1644893 -0.22518794 0.5142248 0.3905215 -0.2881164 0.67406017 -0.20984983 -0.29622996 0.6156843 0.27347735 -0.20915383 0.83969563 -0.11378544 -0.21736962 0.79289216 0.06780748 0.03494224 0.83938026 
21 0.2558546 -1.4240513 0.59444267 0.00474409 -1.4430599 0.5547607 0.24761397 -1.0177488 0.4998416 0.0022855848 -1.0292736 0.48011568 0.18721649 -0.68990594 0.7157654 0.016395777 -0.6991495 0.7029334 0.35650265 -0.2601593 0.51570284 -0.13525178 -0.28627893 0.46858394 0.38561237 -0.32082623 0.6470322 -0.1870283 -0.34100536 0.5836829 0.27721784 -0.207574 0.80675286 -0.11156057 -0.22364788 0.7540188 0.07007492 0.04586488 0.80090874 
102 0.25812978 -1.4418132 0.5805687 0.002397582 -1.4591025 0.5388392 0.24947572 -1.0307652 0.4874138 -0.0006905049 -1.0400822 0.46633402 0.19039297 -0.69677997 0.7036791 0.016583703 -0.70474744 0.6913051 0.3610792 -0.2601639 0.49970162 -0.14202797 -0.2853108 0.46772957 0.39563832 -0.32604182 0.6303919 -0.19331038 -0.34414995 0.57978785 0.27967903 -0.21700568 0.79528946 -0.112574674 -0.23115589 0.7496734 0.06908925 0.031028032 0.786839 
92 0.26338893 -1.4163816 0.57665914 0.005546525 -1.4396263 0.5390256 0.25134653 -1.0080994 0.4899651 0.0035030693 -1.0236443 0.4711145 0.1919855 -0.67942333 0.706758 0.019524977 -0.6887337 0.69206023 0.35021973 -0.2512581 0.51307154 -0.13516119 -0.2678342 0.46492833 0.38731992 -0.3089059 0.6370744 -0.19149022 -0.3250888 0.5721293 0.2761535 -0.20411037 0.793534 -0.1097299 -0.21967168 0.74319816 0.071665354 0.03240159 0.7760082 
10 0.2551123 -1.4197747 0.6297287 0.0023890883 -1.4319463 0.5811917 0.24615535 -1.0095685 0.54058486 0.0024974272 -1.0161332 0.5106854 0.1857301 -0.6690137 0.7477353 0.015342101 -0.6760555 0.73130065 0.3511261 -0.23031428 0.5795979 -0.14374807 -0.24338935 0.5229158 0.38195273 -0.29805422 0.6922465 -0.19581407 -0.302382 0.6229435 0.2703732 -0.20221514 0.83896667 -0.10731576 -0.2099011 0.7858244 0.07049672 0.035081416 0.821035 
57 0.25233394 -1.4363959 0.62202984 0.0060569122 -1.456995 0.5751047 0.24548429 -1.0249112 0.52853703 0.006756395 -1.0379989 0.50327986 0.1812424 -0.6896301 0.7368176 0.013403773 -0.6987705 0.71810997 0.34524417 -0.26636294 0.5532455 -0.13089149 -0.27730402 0.4742574 0.37332892 -0.32131135 0.68136454 -0.1882494 -0.332327 0.5829001 0.2634463 -0.20718923 0.82351637 -0.113760546 -0.22349794 0.7557567 0.06398888 0.03867975 0.79977804 
27 0.25605214 -1.4232724 0.559073 -0.00020121783 -1.4440238 0.51790154 0.24467853 -1.0134463 0.4783846 0.0013967976 -1.0271618 0.4557871 0.17866775 -0.6768757 0.6858252 0.011064507 -0.68560183 0.6678856 0.35448125 -0.24167271 0.50738144 -0.13936749 -0.25840628 0.436747 0.37618577 -0.30235335 0.6335422 -0.19453374 -0.31933987 0.54506624 0.25909793 -0.20140915 0.78165793 -0.11696305 -0.21643825 0.71894276 0.058798477 0.039669663 0.7661222 
80 0.25786495 -1.4310465 0.63250697 0.011582613 -1.4490862 0.585193 0.24989697 -1.0230838 0.5303758 0.007158287 -1.0337291 0.50534296 0.18790369 -0.68588334 0.7345457 0.018316261 -0.6948323 0.7190814 0.34827322 -0.24991606 0.5404279 -0.13460794 -0.26275223 0.4829914 0.38400882 -0.31312683 0.66454774 -0.18918231 -0.32239485 0.5904209 0.2710664 -0.20667768 0.82143766 -0.109520964 -0.22202079 0.765623 0.06568148 0.03731492 0.8071267 
99 0.26094276 -1.4411234 0.5940393 0.008767724 -1.4595445 0.5549376 0.25133044 -1.0308121 0.49883455 0.0038212463 -1.0415131 0.4808431 0.19250205 -0.6998062 0.71646804 0.01974713 -0.7088189 0.70456636 0.35488057 -0.25913894 0.5031062 -0.1314339 -0.28747267 0.47390753 0.39421478 -0.3253074 0.6363475 -0.18575591 -0.3473891 0.5881038 0.28200912 -0.21654844 0.80843896 -0.110644065 -0.23302886 0.76418114 0.068953015 0.033248663 0.8050191 
97 0.25869578 -1.4361458 0.5993212 0.0051483884 -1.457741 0.5674551 0.24737233 -1.0261571 0.5030954 1.616031e-05 -1.0399638 0.49240738 0.19314556 -0.6950728 0.7190198 0.021109998 -0.70460486 0.70930713 0.35226682 -0.25788814 0.5038614 -0.13737267 -0.28169057 0.47486252 0.39154357 -0.3196687 0.6375994 -0.18790844 -0.3393833 0.5919346 0.2833671 -0.20979899 0.81012565 -0.10790678 -0.22707236 0.76797694 0.07290857 0.037036806 0.8086401 
53 0.2510469 -1.4141681 0.6081994 0.003411211 -1.4316912 0.56199116 0.24124989 -1.0094161 0.5123235 0.0011156201 -1.0196347 0.48742056 0.1825884 -0.67586666 0.7140679 0.013806425 -0.6845956 0.6976891 0.333111 -0.2426356 0.526042 -0.13691744 -0.24588859 0.46702346 0.36861283 -0.30526745 0.6485877 -0.19318134 -0.30852327 0.57191384 0.2622066 -0.20025496 0.8063118 -0.113432705 -0.21164757 0.74965763 0.05898756 0.043830305 0.79438037 
7 0.2631436 -1.4220039 0.6437786 0.0074123666 -1.4418839 0.6040277 0.24868338 -1.0143006 0.5526331 0.0036823824 -1.0266464 0.5315039 0.19261643 -0.6729926 0.76395684 0.020218164 -0.6828171 0.75163895 0.3739385 -0.20646513 0.5922874 -0.14785217 -0.25029427 0.5399349 0.40013528 -0.28792757 0.70486426 -0.19753161 -0.31292808 0.64437 0.2749226 -0.20373452 0.86203164 -0.10866563 -0.21793987 0.8126955 0.06952596 0.0354293 0.85224074 
91 0.26122993 -1.4278954 0.58456486 0.0058060214 -1.4488938 0.54679143 0.2514096 -1.018553 0.49206856 0.0018959194 -1.0320144 0.4744674 0.18997113 -0.6899129 0.71087134 0.0176671 -0.6988177 0.6973348 0.35428664 -0.26759478 0.50898147 -0.14076021 -0.28663602 0.46850672 0.3886243 -0.32600665 0.64220893 -0.19211152 -0.34140363 0.5818299 0.27752665 -0.21013317 0.7960948 -0.11170887 -0.22544304 0.74776626 0.0696949 0.03233096 0.7808758 
82 0.26122642 -1.4286888 0.6331745 0.016789228 -1.447994 0.5894644 0.25215846 -1.0207185 0.53566426 0.011507176 -1.0325248 0.5143523 0.19121829 -0.68762827 0.7439865 0.02265498 -0.6968336 0.7296323 0.35205293 -0.26577553 0.5531766 -0.13001837 -0.27890277 0.50003767 0.38422012 -0.32388222 0.6829454 -0.18192123 -0.33513603 0.6119426 0.27611986 -0.2063284 0.8337669 -0.10584065 -0.22268057 0.78000355 0.0700093 0.040499717 0.8219338 
49 0.25945324 -1.4204835 0.5946716 0.015347913 -1.4409794 0.5552157 0.25000888 -1.0142539 0.5014297 0.0106578395 -1.0275228 0.48259732 0.18924244 -0.6846393 0.71286964 0.020609148 -0.69398224 0.6976064 0.35239035 -0.25777525 0.5188261 -0.12694815 -0.27624345 0.461484 0.37914705 -0.31672537 0.6514795 -0.18218374 -0.3330516 0.57635266 0.27076468 -0.20298235 0.80666983 -0.110464446 -0.21876392 0.7517174 0.06253621 0.04170525 0.7985396 
47 0.25388867 -1.4301314 0.6217167 0.00979545 -1.4509107 0.58268833 0.24345574 -1.0248187 0.521143 0.005162552 -1.0377572 0.5042928 0.18948556 -0.68755805 0.72267795 0.019116648 -0.6972915 0.70862836 0.3354307 -0.2508756 0.5187533 -0.12991896 -0.25046712 0.46646821 0.3734739 -0.31237432 0.65224326 -0.18676382 -0.3151847 0.5770217 0.27041695 -0.2004354 0.8227245 -0.11421817 -0.21469617 0.7693451 0.05766106 0.051056683 0.82325643 
17 0.26349652 -1.4272193 0.59294796 0.0043677166 -1.4438864 0.552203 0.25062346 -1.0198647 0.5051374 0.0021597072 -1.0291854 0.48208672 0.18909557 -0.6821253 0.7171635 0.017481863 -0.69046426 0.7028519 0.37067652 -0.22948618 0.52959526 -0.15020111 -0.25371945 0.4823479 0.39821738 -0.30003494 0.6499687 -0.20078947 -0.3154533 0.59149 0.2750182 -0.20853157 0.814232 -0.11284593 -0.22094402 0.7678044 0.06699602 0.033847123 0.80760205 
39 0.26153728 -1.4172883 0.6052077 0.010319561 -1.4389938 0.5709511 0.2512229 -1.0097555 0.5114638 0.004278101 -1.0252042 0.49477977 0.18745963 -0.6842016 0.7273665 0.016834259 -0.6938655 0.7133249 0.36457023 -0.2546509 0.5306848 -0.13462952 -0.28029934 0.47791514 0.38712004 -0.31479588 0.6614973 -0.18713391 -0.33699363 0.59183586 0.27009222 -0.20472294 0.81581503 -0.11293527 -0.22247095 0.7628318 0.06439673 0.0375804 0.80592847 
51 0.24938548 -1.4291875 0.60893905 0.007213533 -1.4468515 0.5694033 0.24079148 -1.0224258 0.5118479 0.0038961917 -1.0334449 0.4936794 0.1862098 -0.69067967 0.7174372 0.016079232 -0.69936466 0.7025878 0.33496886 -0.26312208 0.510941 -0.13085765 -0.26559338 0.46378958 0.37030733 -0.3227196 0.6488873 -0.18584497 -0.3275656 0.5782062 0.2704026 -0.20425546 0.8164712 -0.11402832 -0.21719566 0.76306075 0.06093829 0.05050236 0.8172387 
24 0.26389778 -1.4193159 0.59053904 0.011411823 -1.4415451 0.55221796 0.25154424 -1.0100483 0.50083846 0.007540062 -1.0251496 0.4808218 0.18849511 -0.6772232 0.71070826 0.018958628 -0.6876614 0.69656736 0.36298388 -0.25124437 0.5359087 -0.1465001 -0.2764884 0.46780464 0.38533133 -0.30366448 0.6602447 -0.19411366 -0.32886052 0.581416 0.26913762 -0.19758147 0.79997045 -0.11104435 -0.21768636 0.74331456 0.0652789 0.040254086 0.782331 
13 0.25605613 -1.4294106 0.5960634 0.0006663576 -1.444054 0.55276936 0.24529757 -1.0176474 0.50901866 -8.018315e-05 -1.0265181 0.4835558 0.1845259 -0.6750893 0.7181905 0.013896599 -0.6823898 0.7030733 0.36874294 -0.23544998 0.545334 -0.14965117 -0.25845432 0.48606336 0.39049786 -0.30147088 0.6643882 -0.19781253 -0.31681854 0.5933466 0.2693509 -0.205159 0.809805 -0.10929613 -0.21642967 0.7570571 0.070129454 0.031701118 0.793127 
63 0.25368834 -1.4256228 0.60760546 0.0035331324 -1.4461079 0.5701132 0.24264628 -1.0188378 0.51487815 0.00092392415 -1.0318143 0.49688104 0.18601736 -0.68635106 0.72447044 0.015701048 -0.6955443 0.7100258 0.33647814 -0.26459923 0.525479 -0.13414183 -0.268516 0.47873035 0.3701292 -0.32086536 0.65935665 -0.1880821 -0.32659233 0.59150934 0.270298 -0.20361526 0.8201378 -0.114520825 -0.21640655 0.76769173 0.06324733 0.045520812 0.8135077 
107 0.24493231 -1.437225 0.5648242 -0.008283757 -1.4496231 0.5218854 0.23882984 -1.026727 0.46840942 -0.009465486 -1.0317501 0.4481985 0.18154868 -0.69598585 0.6882336 0.0098024085 -0.7026814 0.6766598 0.33990717 -0.27840176 0.47145206 -0.1473063 -0.29046538 0.45000792 0.3803249 -0.33484372 0.60895514 -0.19599803 -0.34384376 0.56680506 0.277569 -0.21354881 0.7749161 -0.115517735 -0.22386943 0.7348189 0.06780595 0.03915915 0.7706977 
56 0.27238494 -1.4209516 0.6116561 0.017461106 -1.4436511 0.56816053 0.25806326 -1.0128827 0.52644765 0.016728297 -1.0276606 0.50243306 0.18992835 -0.68001246 0.7384614 0.023179375 -0.6895964 0.7200765 0.36227828 -0.25750637 0.5615365 -0.12020007 -0.2771684 0.48349413 0.38376164 -0.31154436 0.68527925 -0.17830135 -0.32988816 0.5917617 0.26829186 -0.20347424 0.8264633 -0.10536954 -0.22058035 0.7609163 0.06881114 0.036028266 0.8018972 
18 0.26193756 -1.4260676 0.5908207 0.0070036054 -1.4430361 0.5525546 0.25163335 -1.0180013 0.49842963 0.0044208765 -1.0279646 0.47859406 0.19148469 -0.682387 0.70605946 0.019775435 -0.69063526 0.69323224 0.37724108 -0.22852339 0.51021695 -0.1554019 -0.2507435 0.4607822 0.39962804 -0.29360738 0.6353034 -0.202051 -0.3114975 0.57386845 0.27737206 -0.20052257 0.79983175 -0.11152431 -0.21510287 0.7533567 0.06922074 0.039808005 0.795991 
44 0.275331 -1.4021559 0.60620904 0.017061375 -1.4298998 0.5692065 0.25865132 -0.99664575 0.51627713 0.012283064 -1.015495 0.49914998 0.194763 -0.6649145 0.7308866 0.02367191 -0.6766271 0.71624887 0.3647764 -0.23378673 0.5462571 -0.121571876 -0.26112306 0.4751381 0.39312574 -0.28975037 0.6675118 -0.18342566 -0.3179614 0.5842096 0.27148044 -0.19042926 0.81090534 -0.10613572 -0.21217608 0.75451535 0.067307875 0.037656814 0.78521156 
78 0.253011 -1.4178224 0.6104767 0.005644053 -1.4331951 0.559612 0.24800354 -1.0097293 0.5189193 0.003934875 -1.0180148 0.48787236 0.18281293 -0.6804199 0.73000205 0.012314171 -0.6876549 0.71064204 0.3449102 -0.26440722 0.5446176 -0.13844106 -0.26298517 0.48253417 0.37710267 -0.32160714 0.6694008 -0.19649136 -0.31799114 0.58524317 0.26627928 -0.20959222 0.81446654 -0.11372328 -0.21918838 0.7545959 0.06458929 0.030087441 0.7890762 
35 0.26433834 -1.4252532 0.61113304 0.014024466 -1.4486284 0.57979673 0.2525357 -1.0180155 0.51597303 0.008727878 -1.0338221 0.5032328 0.19056793 -0.6907694 0.72972006 0.020245768 -0.70072246 0.71655625 0.36345184 -0.27088508 0.5242271 -0.13228483 -0.29691496 0.47649816 0.38614964 -0.32532528 0.66280705 -0.18293132 -0.348355 0.59853077 0.27507305 -0.20477313 0.81944805 -0.11091933 -0.22389698 0.76963454 0.06445125 0.04247564 0.8162483 
70 0.26365834 -1.4014057 0.65283316 0.008249991 -1.4230533 0.60952306 0.2524251 -0.99914 0.55939066 0.004567027 -1.0125409 0.53343517 0.19110918 -0.6711309 0.77294433 0.017348565 -0.6807612 0.75586635 0.35141233 -0.23872238 0.58389413 -0.1262942 -0.25174725 0.5291252 0.38597098 -0.30695283 0.707163 -0.18904844 -0.31478462 0.63290834 0.27201527 -0.20058754 0.8600823 -0.11243608 -0.2141672 0.8036592 0.06591749 0.04074368 0.83851767 
84 0.24705082 -1.4366949 0.63071334 0.00094983727 -1.4557134 0.58721995 0.24192113 -1.0268669 0.53030413 -0.0011661947 -1.0383625 0.5100156 0.18311083 -0.6945418 0.74186957 0.013492875 -0.70321417 0.72833914 0.34461257 -0.27319124 0.5506466 -0.1443153 -0.29389143 0.49452436 0.37893048 -0.33068657 0.6811227 -0.1939815 -0.34589002 0.6082208 0.27189755 -0.21295726 0.8272079 -0.111480415 -0.22924536 0.77075666 0.069908366 0.034246564 0.8099894 
23 0.26065156 -1.4301903 0.6017699 0.008949332 -1.4518243 0.56936336 0.248249 -1.0210537 0.5076636 0.0043060407 -1.0351402 0.49353465 0.1888299 -0.68869996 0.720654 0.01882428 -0.6993798 0.7099981 0.3714274 -0.2608143 0.5292629 -0.14141774 -0.29542458 0.47519135 0.39039478 -0.31635538 0.66075325 -0.18969834 -0.34540838 0.59443164 0.27406323 -0.20407829 0.8121993 -0.11186277 -0.22412841 0.7609472 0.06695172 0.043980002 0.8049254 
